*Multilayer
1 105 1 71 5
1 105 1 66 15
1 105 1 62 20
1 105 1 67 8
1 105 1 78 10
1 46 1 73 62
1 48 1 72 18
1 48 1 73 10
1 48 1 76 5
1 45 1 70 6
1 45 1 68 59
1 45 1 69 8
1 45 1 72 18
1 45 1 73 11
1 45 1 74 5
1 45 1 75 18
1 45 1 76 4
1 45 1 66 8
1 45 1 63 30
1 45 1 64 10
1 45 1 65 8
1 45 1 67 41
1 45 1 77 23
1 45 1 78 6
1 45 1 79 12
1 45 1 80 21
1 54 1 72 8
1 54 1 62 2
1 54 1 67 5
1 52 1 68 10
1 52 1 73 5
1 52 1 62 20
1 52 1 78 5
1 1 1 72 5
1 1 1 76 11
1 1 1 66 10
1 1 1 67 5
1 39 1 68 17
1 39 1 71 10
1 39 1 72 5
1 39 1 73 8
1 39 1 76 30
1 39 1 66 30
1 39 1 63 4
1 39 1 64 11
1 39 1 67 3
1 95 1 72 2
1 95 1 73 5
1 95 1 75 2
1 98 1 71 60
1 98 1 72 10
1 98 1 76 60
1 53 1 68 2
1 53 1 69 1
1 53 1 72 2
1 53 1 66 1
1 53 1 63 3
1 53 1 62 1
1 53 1 77 1
1 70 1 45 6
1 68 1 45 59
1 68 1 52 10
1 68 1 39 17
1 68 1 53 2
1 69 1 45 8
1 69 1 53 1
1 71 1 105 5
1 71 1 39 10
1 71 1 98 60
1 72 1 48 18
1 72 1 45 18
1 72 1 54 8
1 72 1 1 5
1 72 1 39 5
1 72 1 95 2
1 72 1 98 10
1 72 1 53 2
1 73 1 46 62
1 73 1 48 10
1 73 1 45 11
1 73 1 52 5
1 73 1 39 8
1 73 1 95 5
1 74 1 45 5
1 75 1 45 18
1 75 1 95 2
1 76 1 48 5
1 76 1 45 4
1 76 1 1 11
1 76 1 39 30
1 76 1 98 60
1 66 1 105 15
1 66 1 45 8
1 66 1 1 10
1 66 1 39 30
1 66 1 53 1
1 63 1 45 30
1 63 1 39 4
1 63 1 53 3
1 64 1 45 10
1 64 1 39 11
1 62 1 105 20
1 62 1 54 2
1 62 1 52 20
1 62 1 53 1
1 65 1 45 8
1 67 1 105 8
1 67 1 45 41
1 67 1 54 5
1 67 1 1 5
1 67 1 39 3
1 77 1 45 23
1 77 1 53 1
1 78 1 105 10
1 78 1 45 6
1 78 1 52 5
1 79 1 45 12
1 80 1 45 21
2 70 2 48 1
2 70 2 100 1
2 70 2 25 2
2 70 2 12 1
2 70 2 7 2
2 70 2 6 8
2 70 2 26 8
2 70 2 41 2
2 68 2 83 3
2 68 2 20 2
2 68 2 21 6
2 68 2 16 1
2 68 2 25 6
2 68 2 24 1
2 68 2 104 1
2 68 2 12 4
2 68 2 55 2
2 68 2 7 112
2 68 2 9 5
2 68 2 11 2
2 68 2 6 18
2 68 2 10 1
2 68 2 4 2
2 68 2 5 3
2 68 2 42 2
2 68 2 43 2
2 68 2 36 6
2 68 2 34 2
2 68 2 26 16
2 68 2 41 1
2 68 2 33 2
2 69 2 25 1
2 69 2 104 1
2 69 2 7 2
2 69 2 36 10
2 69 2 35 2
2 69 2 34 6
2 69 2 27 7
2 69 2 50 4
2 69 2 30 1
2 69 2 93 8
2 69 2 92 1
2 69 2 29 1
2 69 2 26 98
2 69 2 41 21
2 69 2 82 10
2 69 2 94 4
2 69 2 13 15
2 69 2 33 41
2 69 2 32 3
2 71 2 25 2
2 71 2 7 28
2 71 2 4 1
2 71 2 42 1
2 71 2 43 2
2 71 2 36 1
2 71 2 26 10
2 71 2 33 1
2 72 2 48 1
2 72 2 25 1
2 72 2 7 2
2 72 2 9 2
2 72 2 36 6
2 72 2 35 1
2 72 2 27 2
2 72 2 50 1
2 72 2 30 2
2 72 2 93 2
2 72 2 26 32
2 72 2 41 8
2 72 2 82 3
2 72 2 13 10
2 72 2 33 8
2 73 2 25 1
2 73 2 12 1
2 73 2 7 34
2 73 2 43 2
2 73 2 26 8
2 73 2 41 2
2 74 2 83 1
2 74 2 21 4
2 74 2 17 1
2 74 2 25 1
2 74 2 7 3
2 74 2 42 1
2 74 2 36 3
2 74 2 27 2
2 74 2 93 2
2 74 2 26 49
2 74 2 41 1
2 74 2 82 7
2 75 2 16 1
2 75 2 24 1
2 75 2 12 2
2 75 2 36 8
2 75 2 35 1
2 75 2 34 3
2 75 2 27 6
2 75 2 30 1
2 75 2 93 1
2 75 2 92 1
2 75 2 26 66
2 75 2 41 50
2 75 2 82 2
2 75 2 94 2
2 75 2 13 9
2 75 2 33 32
2 75 2 32 2
2 76 2 21 5
2 76 2 17 1
2 76 2 25 8
2 76 2 24 1
2 76 2 104 2
2 76 2 12 3
2 76 2 55 4
2 76 2 7 96
2 76 2 9 1
2 76 2 11 1
2 76 2 6 14
2 76 2 4 1
2 76 2 42 1
2 76 2 44 1
2 76 2 43 1
2 76 2 85 2
2 76 2 51 1
2 76 2 2 1
2 76 2 34 3
2 76 2 26 166
2 76 2 41 2
2 76 2 33 1
2 66 2 47 1
2 66 2 25 1
2 66 2 12 1
2 66 2 7 3
2 66 2 36 1
2 66 2 93 2
2 66 2 26 29
2 66 2 41 22
2 66 2 82 2
2 66 2 33 11
2 63 2 25 5
2 63 2 12 2
2 63 2 7 1
2 63 2 36 14
2 63 2 27 1
2 63 2 93 3
2 63 2 29 1
2 63 2 26 15
2 63 2 41 11
2 63 2 82 2
2 63 2 13 7
2 63 2 33 9
2 64 2 25 1
2 64 2 12 1
2 64 2 7 56
2 64 2 4 1
2 64 2 42 1
2 64 2 36 57
2 64 2 35 3
2 64 2 34 3
2 64 2 27 7
2 64 2 26 3
2 64 2 41 2
2 62 2 25 1
2 62 2 7 5
2 62 2 36 6
2 62 2 27 1
2 62 2 93 1
2 62 2 26 22
2 62 2 41 1
2 62 2 82 2
2 62 2 13 2
2 62 2 33 3
2 65 2 25 4
2 65 2 7 43
2 65 2 26 2
2 67 2 104 1
2 67 2 12 1
2 67 2 7 32
2 67 2 11 1
2 67 2 6 5
2 67 2 4 1
2 67 2 42 1
2 67 2 49 1
2 67 2 85 1
2 67 2 26 8
2 67 2 41 2
2 67 2 82 4
2 77 2 25 3
2 77 2 7 13
2 77 2 6 7
2 77 2 43 1
2 77 2 26 3
2 78 2 25 2
2 78 2 12 1
2 78 2 7 3
2 78 2 93 4
2 78 2 29 1
2 78 2 26 23
2 78 2 41 2
2 78 2 82 5
2 78 2 13 4
2 78 2 33 2
2 79 2 25 1
2 79 2 104 1
2 79 2 12 2
2 79 2 7 45
2 79 2 42 2
2 79 2 85 1
2 79 2 26 1
2 80 2 25 1
2 80 2 7 2
2 80 2 93 5
2 80 2 26 18
2 80 2 41 6
2 80 2 82 12
2 80 2 94 1
2 80 2 13 9
2 80 2 33 3
2 47 2 66 1
2 48 2 70 1
2 48 2 72 1
2 100 2 70 1
2 83 2 68 3
2 83 2 74 1
2 18 2 68 2
2 19 2 68 6
2 19 2 74 4
2 19 2 76 5
2 15 2 74 1
2 15 2 76 1
2 14 2 68 1
2 14 2 75 1
2 23 2 70 2
2 23 2 68 6
2 23 2 69 1
2 23 2 71 2
2 23 2 72 1
2 23 2 73 1
2 23 2 74 1
2 23 2 76 8
2 23 2 66 1
2 23 2 63 5
2 23 2 64 1
2 23 2 62 1
2 23 2 65 4
2 23 2 77 3
2 23 2 78 2
2 23 2 79 1
2 23 2 80 1
2 22 2 68 1
2 22 2 75 1
2 22 2 76 1
2 104 2 68 1
2 104 2 69 1
2 104 2 76 2
2 104 2 67 1
2 104 2 79 1
2 12 2 70 1
2 12 2 68 4
2 12 2 73 1
2 12 2 75 2
2 12 2 76 3
2 12 2 66 1
2 12 2 63 2
2 12 2 64 1
2 12 2 67 1
2 12 2 78 1
2 12 2 79 2
2 55 2 68 2
2 55 2 76 4
2 7 2 70 2
2 7 2 68 112
2 7 2 69 2
2 7 2 71 28
2 7 2 72 2
2 7 2 73 34
2 7 2 74 3
2 7 2 76 96
2 7 2 66 3
2 7 2 63 1
2 7 2 64 56
2 7 2 62 5
2 7 2 65 43
2 7 2 67 32
2 7 2 77 13
2 7 2 78 3
2 7 2 79 45
2 7 2 80 2
2 8 2 68 5
2 8 2 72 2
2 8 2 76 1
2 11 2 68 2
2 11 2 76 1
2 11 2 67 1
2 6 2 70 8
2 6 2 68 18
2 6 2 76 14
2 6 2 67 5
2 6 2 77 7
2 10 2 68 1
2 3 2 68 2
2 3 2 71 1
2 3 2 76 1
2 3 2 64 1
2 3 2 67 1
2 5 2 68 3
2 42 2 68 2
2 42 2 71 1
2 42 2 74 1
2 42 2 76 1
2 42 2 64 1
2 42 2 67 1
2 42 2 79 2
2 44 2 76 1
2 43 2 68 2
2 43 2 71 2
2 43 2 73 2
2 43 2 76 1
2 43 2 77 1
2 49 2 67 1
2 85 2 76 2
2 85 2 67 1
2 85 2 79 1
2 51 2 76 1
2 2 2 76 1
2 36 2 68 6
2 36 2 69 10
2 36 2 71 1
2 36 2 72 6
2 36 2 74 3
2 36 2 75 8
2 36 2 66 1
2 36 2 63 14
2 36 2 64 57
2 36 2 62 6
2 35 2 69 2
2 35 2 72 1
2 35 2 75 1
2 35 2 64 3
2 34 2 68 2
2 34 2 69 6
2 34 2 75 3
2 34 2 76 3
2 34 2 64 3
2 27 2 69 7
2 27 2 72 2
2 27 2 74 2
2 27 2 75 6
2 27 2 63 1
2 27 2 64 7
2 27 2 62 1
2 50 2 69 4
2 50 2 72 1
2 30 2 69 1
2 30 2 72 2
2 30 2 75 1
2 93 2 69 8
2 93 2 72 2
2 93 2 74 2
2 93 2 75 1
2 93 2 66 2
2 93 2 63 3
2 93 2 62 1
2 93 2 78 4
2 93 2 80 5
2 92 2 69 1
2 92 2 75 1
2 29 2 69 1
2 29 2 63 1
2 29 2 78 1
2 26 2 70 8
2 26 2 68 16
2 26 2 69 98
2 26 2 71 10
2 26 2 72 32
2 26 2 73 8
2 26 2 74 49
2 26 2 75 66
2 26 2 76 166
2 26 2 66 29
2 26 2 63 15
2 26 2 64 3
2 26 2 62 22
2 26 2 65 2
2 26 2 67 8
2 26 2 77 3
2 26 2 78 23
2 26 2 79 1
2 26 2 80 18
2 41 2 70 2
2 41 2 68 1
2 41 2 69 21
2 41 2 72 8
2 41 2 73 2
2 41 2 74 1
2 41 2 75 50
2 41 2 76 2
2 41 2 66 22
2 41 2 63 11
2 41 2 64 2
2 41 2 62 1
2 41 2 67 2
2 41 2 78 2
2 41 2 80 6
2 82 2 69 10
2 82 2 72 3
2 82 2 74 7
2 82 2 75 2
2 82 2 66 2
2 82 2 63 2
2 82 2 62 2
2 82 2 67 4
2 82 2 78 5
2 82 2 80 12
2 94 2 69 4
2 94 2 75 2
2 94 2 80 1
2 13 2 69 15
2 13 2 72 10
2 13 2 75 9
2 13 2 63 7
2 13 2 62 2
2 13 2 78 4
2 13 2 80 9
2 33 2 68 2
2 33 2 69 41
2 33 2 71 1
2 33 2 72 8
2 33 2 75 32
2 33 2 76 1
2 33 2 66 11
2 33 2 63 9
2 33 2 62 3
2 33 2 78 2
2 33 2 80 3
2 32 2 69 3
2 32 2 75 2
3 28 3 66 1
3 28 3 79 1
3 40 3 70 4
3 40 3 68 2
3 40 3 69 2
3 40 3 71 1
3 40 3 66 2
3 40 3 63 20
3 40 3 64 1
3 40 3 62 7
3 40 3 65 4
3 40 3 77 6
3 40 3 78 8
3 40 3 79 4
3 96 3 70 6
3 96 3 68 1
3 96 3 69 3
3 96 3 72 2
3 96 3 73 20
3 96 3 74 8
3 96 3 75 6
3 96 3 76 4
3 96 3 66 3
3 96 3 63 11
3 96 3 64 16
3 96 3 62 1
3 96 3 65 1
3 96 3 77 4
3 96 3 78 5
3 96 3 79 25
3 96 3 80 5
3 60 3 70 20
3 60 3 68 64
3 60 3 69 33
3 60 3 71 8
3 60 3 72 5
3 60 3 73 20
3 60 3 74 13
3 60 3 75 4
3 60 3 76 14
3 60 3 66 65
3 60 3 63 27
3 60 3 64 31
3 60 3 62 26
3 60 3 65 28
3 60 3 67 9
3 60 3 77 134
3 60 3 78 8
3 60 3 79 32
3 60 3 80 47
3 37 3 70 5
3 37 3 68 3
3 37 3 72 2
3 37 3 73 6
3 37 3 74 12
3 37 3 75 16
3 37 3 76 26
3 37 3 63 15
3 37 3 64 9
3 37 3 62 1
3 37 3 65 3
3 37 3 77 14
3 37 3 78 7
3 37 3 79 78
3 37 3 80 3
3 56 3 70 20
3 56 3 68 10
3 56 3 69 21
3 56 3 71 8
3 56 3 73 4
3 56 3 74 4
3 56 3 75 5
3 56 3 76 3
3 56 3 63 59
3 56 3 64 6
3 56 3 62 2
3 56 3 65 10
3 56 3 77 21
3 56 3 78 33
3 56 3 79 5
3 56 3 80 41
3 38 3 70 48
3 38 3 68 51
3 38 3 69 34
3 38 3 71 6
3 38 3 72 1
3 38 3 73 15
3 38 3 74 10
3 38 3 75 31
3 38 3 76 39
3 38 3 66 28
3 38 3 63 147
3 38 3 64 37
3 38 3 62 39
3 38 3 65 87
3 38 3 67 1
3 38 3 77 47
3 38 3 78 24
3 38 3 79 3
3 38 3 80 14
3 90 3 70 2
3 90 3 68 2
3 86 3 70 7
3 86 3 68 2
3 86 3 73 1
3 86 3 74 3
3 86 3 75 1
3 86 3 76 6
3 86 3 66 1
3 86 3 63 2
3 86 3 64 1
3 86 3 78 1
3 97 3 70 18
3 97 3 68 2
3 97 3 69 1
3 97 3 74 1
3 97 3 63 168
3 97 3 64 66
3 97 3 62 10
3 97 3 65 13
3 97 3 77 24
3 97 3 78 34
3 97 3 79 1
3 97 3 80 9
3 89 3 70 7
3 89 3 68 11
3 89 3 69 2
3 89 3 72 3
3 89 3 73 25
3 89 3 74 27
3 89 3 75 6
3 89 3 76 3
3 89 3 66 3
3 89 3 67 5
3 89 3 77 32
3 89 3 78 5
3 89 3 79 8
3 89 3 80 13
3 91 3 70 2
3 91 3 69 1
3 91 3 72 4
3 91 3 73 3
3 91 3 74 7
3 91 3 75 1
3 91 3 76 4
3 87 3 70 3
3 87 3 77 1
3 87 3 78 1
3 87 3 79 1
3 87 3 80 2
3 57 3 70 2
3 57 3 68 2
3 57 3 73 12
3 57 3 74 8
3 57 3 75 5
3 57 3 76 7
3 57 3 66 2
3 57 3 63 25
3 57 3 64 8
3 57 3 65 1
3 57 3 77 33
3 57 3 78 2
3 57 3 79 1
3 57 3 80 24
3 61 3 70 2
3 61 3 68 13
3 61 3 69 6
3 61 3 71 2
3 61 3 73 7
3 61 3 74 5
3 61 3 76 1
3 61 3 66 42
3 61 3 63 3
3 61 3 64 3
3 61 3 62 1
3 61 3 65 2
3 61 3 67 2
3 61 3 77 13
3 61 3 78 3
3 61 3 80 7
3 58 3 68 3
3 58 3 71 2
3 58 3 75 1
3 58 3 76 1
3 58 3 65 2
3 58 3 77 1
3 58 3 78 1
3 59 3 70 3
3 59 3 68 4
3 59 3 69 3
3 59 3 74 4
3 59 3 63 7
3 59 3 65 1
3 59 3 77 4
3 88 3 68 1
3 88 3 69 1
3 88 3 72 1
3 88 3 73 3
3 88 3 74 4
3 88 3 75 1
3 88 3 77 27
3 88 3 78 2
3 88 3 79 1
3 88 3 80 1
3 84 3 75 1
3 84 3 63 9
3 84 3 65 5
3 84 3 78 2
3 84 3 79 1
3 84 3 80 7
3 31 3 63 7
3 99 3 68 1
3 99 3 66 2
3 99 3 63 1
3 99 3 64 2
3 70 3 40 4
3 70 3 96 6
3 70 3 60 20
3 70 3 37 5
3 70 3 56 20
3 70 3 38 48
3 70 3 90 2
3 70 3 86 7
3 70 3 97 18
3 70 3 89 7
3 70 3 91 2
3 70 3 87 3
3 70 3 57 2
3 70 3 61 2
3 70 3 59 3
3 68 3 40 2
3 68 3 96 1
3 68 3 60 64
3 68 3 37 3
3 68 3 56 10
3 68 3 38 51
3 68 3 90 2
3 68 3 86 2
3 68 3 97 2
3 68 3 89 11
3 68 3 57 2
3 68 3 61 13
3 68 3 58 3
3 68 3 59 4
3 68 3 88 1
3 68 3 99 1
3 69 3 40 2
3 69 3 96 3
3 69 3 60 33
3 69 3 56 21
3 69 3 38 34
3 69 3 97 1
3 69 3 89 2
3 69 3 91 1
3 69 3 61 6
3 69 3 59 3
3 69 3 88 1
3 71 3 40 1
3 71 3 60 8
3 71 3 56 8
3 71 3 38 6
3 71 3 61 2
3 71 3 58 2
3 72 3 96 2
3 72 3 60 5
3 72 3 37 2
3 72 3 38 1
3 72 3 89 3
3 72 3 91 4
3 72 3 88 1
3 73 3 96 20
3 73 3 60 20
3 73 3 37 6
3 73 3 56 4
3 73 3 38 15
3 73 3 86 1
3 73 3 89 25
3 73 3 91 3
3 73 3 57 12
3 73 3 61 7
3 73 3 88 3
3 74 3 96 8
3 74 3 60 13
3 74 3 37 12
3 74 3 56 4
3 74 3 38 10
3 74 3 86 3
3 74 3 97 1
3 74 3 89 27
3 74 3 91 7
3 74 3 57 8
3 74 3 61 5
3 74 3 59 4
3 74 3 88 4
3 75 3 96 6
3 75 3 60 4
3 75 3 37 16
3 75 3 56 5
3 75 3 38 31
3 75 3 86 1
3 75 3 89 6
3 75 3 91 1
3 75 3 57 5
3 75 3 58 1
3 75 3 88 1
3 75 3 84 1
3 81 3 96 4
3 81 3 60 14
3 81 3 37 26
3 81 3 56 3
3 81 3 38 39
3 81 3 86 6
3 81 3 89 3
3 81 3 91 4
3 81 3 57 7
3 81 3 61 1
3 81 3 58 1
3 66 3 28 1
3 66 3 40 2
3 66 3 96 3
3 66 3 60 65
3 66 3 38 28
3 66 3 86 1
3 66 3 89 3
3 66 3 57 2
3 66 3 61 42
3 66 3 99 2
3 63 3 40 20
3 63 3 96 11
3 63 3 60 27
3 63 3 37 15
3 63 3 56 59
3 63 3 38 147
3 63 3 86 2
3 63 3 97 168
3 63 3 57 25
3 63 3 61 3
3 63 3 59 7
3 63 3 84 9
3 63 3 31 7
3 63 3 99 1
3 64 3 40 1
3 64 3 96 16
3 64 3 60 31
3 64 3 37 9
3 64 3 56 6
3 64 3 38 37
3 64 3 86 1
3 64 3 97 66
3 64 3 57 8
3 64 3 61 3
3 64 3 99 2
3 62 3 40 7
3 62 3 96 1
3 62 3 60 26
3 62 3 37 1
3 62 3 56 2
3 62 3 38 39
3 62 3 97 10
3 62 3 61 1
3 65 3 40 4
3 65 3 96 1
3 65 3 60 28
3 65 3 37 3
3 65 3 56 10
3 65 3 38 87
3 65 3 97 13
3 65 3 57 1
3 65 3 61 2
3 65 3 58 2
3 65 3 59 1
3 65 3 84 5
3 67 3 60 9
3 67 3 38 1
3 67 3 89 5
3 67 3 61 2
3 77 3 40 6
3 77 3 96 4
3 77 3 60 134
3 77 3 37 14
3 77 3 56 21
3 77 3 38 47
3 77 3 97 24
3 77 3 89 32
3 77 3 87 1
3 77 3 57 33
3 77 3 61 13
3 77 3 58 1
3 77 3 59 4
3 77 3 88 27
3 101 3 40 8
3 101 3 96 5
3 101 3 60 8
3 101 3 37 7
3 101 3 56 33
3 101 3 38 24
3 101 3 86 1
3 101 3 97 34
3 101 3 89 5
3 101 3 87 1
3 101 3 57 2
3 101 3 61 3
3 101 3 58 1
3 101 3 88 2
3 101 3 84 2
3 102 3 28 1
3 102 3 40 4
3 102 3 96 25
3 102 3 60 32
3 102 3 37 78
3 102 3 56 5
3 102 3 38 3
3 102 3 97 1
3 102 3 89 8
3 102 3 87 1
3 102 3 57 1
3 102 3 88 1
3 102 3 84 1
3 103 3 96 5
3 103 3 60 47
3 103 3 37 3
3 103 3 56 41
3 103 3 38 14
3 103 3 97 9
3 103 3 89 13
3 103 3 87 2
3 103 3 57 24
3 103 3 61 7
3 103 3 88 1
3 103 3 84 7
1 70 2 70 2
1 68 2 68 2
1 69 2 69 2
1 71 2 71 2
1 72 2 72 2
1 73 2 73 2
1 74 2 74 2
1 75 2 75 2
1 76 2 76 2
1 66 2 66 2
1 63 2 63 2
1 64 2 64 2
1 62 2 62 2
1 65 2 65 2
1 67 2 67 2
1 77 2 77 2
1 78 2 78 2
1 79 2 79 2
1 80 2 80 2
2 70 3 70 2
2 68 3 68 2
2 69 3 69 2
2 71 3 71 2
2 72 3 72 2
2 73 3 73 2
2 74 3 74 2
2 75 3 75 2
2 76 3 76 2
2 66 3 66 2
2 63 3 63 2
2 64 3 64 2
2 62 3 62 2
2 65 3 65 2
2 67 3 67 2
2 77 3 77 2
2 78 3 78 2
2 79 3 79 2
2 80 3 80 2
